72,28,0
28,72,0
46,54,0
61,17,22
22,39,39
44,56,0
17,83,0
11,89,0
72,28,0
6,94,0
61,39,0
100,0,0
61,39,0
50,50,0
56,44,0